833
984
529
37
851
646
280
328
623
514
570
955
406
175
960
109
538
637
273
376
984
401
650
183
884
322
668
946
955
435
760
768
961
326
849
294
107
697
649
55
417
541
34
552
243
402
643
779
950
154
510
160
458
320
617
772
792
999
64
17
300
835
140
218
244
802
904
992
732
219
375
659
430
997
612
480
877
539
999
59
251
887
55
406
115
568
55
312
630
817
980
879
599
109
715
620
281
765
83
24
146
266
123
511
766
955
382
401
634
671
107
76
994
93
148
249
917
893
45
596
898
630
533
506
976
202
581
306
308
87
998
905
142
203
619
467
267
10
330
577
654
221
994
159
761
103
313
155
552
55
